10	0	0	01FF97000
11	1	1	01FF97001
12	2	2	01FF97002
13	3	0	01FF97003
14	4	1	01FF97004
15	5	2	01FF97005
16	6	0	01FF97006
17	7	1	01FF97007
18	8	2	01FF97008
19	9	0	01FF97009
20	10	1	01FF97010
21	11	2	01FF97011
22	0	0	01FF97012
23	1	1	01FF97013
24	2	2	01FF97014
25	3	0	01FF97015
26	4	1	01FF97016
27	5	2	01FF97017
28	6	0	01FF97018
29	7	1	01FF97019
30	8	2	01FF97020
31	9	0	01FF97021
32	10	1	01FF97022
33	11	2	01FF97023
34	0	0	01FF97024
35	1	1	01FF97025
36	2	2	01FF97026
37	3	0	01FF97027
38	4	1	01FF97028
39	5	2	01FF97029
40	6	0	01FF97030
41	7	1	01FF97031
42	8	2	01FF97032
43	9	0	01FF97033
44	10	1	01FF97034
45	11	2	01FF97035
